Precision: 0.22495441499205795
Recall: 0.2597880459840577
F1 Score: 0.1949836205018183
mAP: 0.06964987432109064
