Precision: 0.8456695679985287
Recall: 0.8551084335451581
F1 Score: 0.8465770411358092
mAP: 0.059365782217347986
